..11-

16. 1111 61111111. , inette 1111111111
11.*1611111111111111111. . 23. * ,11111111 1111111111 111 6111111111. ·

· . 12. 611111 1111111111. . 24. * 1111111 611111.

13. 6111 11111. . 21. * 6111111111111161111111.

· 14. 61111111 11111111. 16. 1 grin 61111111 11111111.

111. 11111111 61111111. Ιτ 11.*111111111111111 ,
16111111311111. 18.*6111111111111. ,, ,

11. 61111111 titt. · 19. 1111111111 611111 11111111111111.

18. * 61111 11111111. 16. * 6111111 11111111.

1161111111111. . 61.*61111611111111611111.

26. ’.61111111 611. ’ 12. * nan 1111111111.

21. 11111111 811111. 33. *6111111 6111111111 111 61111111. ,
. 21. * 6111 1111111 111 61111. 3411111111111111111.

2. 11111111111.

Α. 111 111111111111111.

1. 6111111111 1111111 111 1111 111111 111. 1111111111 11111111 111 1111111111, qnnn

11111 111 Angusto usqne 111 Hadrianum prinoipem in illyrico tetenderint. 611111 (1816),,
Ι Ι11111 111111 11111111 16161111111111111161111116111111111111. 11111111.Ι
ΜΗῘ11111111115111 61111111111116. nutriti: 1111111111611111111 111111 ’11111111

· 6. 61111111. nen. 1811.
· &tinet 111 111 1111111111111 ti. 6111111 111 61111 111 111 11111111 1111111111,Ι
1111 111111 21111111, 1111 1111111111 1111111 1. 611111 5 1111111. 6111, nnn 1111111111 111111.
1111111 2111 111111. 6111111111 1111 6111111111311111111111111 1 611111. 6 61.
1. 1111111111 111 6111111111111111 111 111 111111111 6111111111 1111111 111111 111

1111111111 111111 111 1111111111 111 1111)11111111611111111111111111111 11111111111111

⁵ 1111111. 611111. 111 11111. 1111111111. 1111111121. 11126- 6111111111611 .

11111111 111 18. 111 19. Santi). 111. 6. - 611111111111 11111111111111111111 6111111611.
·7· 6113111111111111111111111111111111. 18111. -811111, 11111. Ling. Graec. V. 6. t.
Vl. 1. - ’1111101111 1111111111. 1111111. 11113111. - Pnlneogrnphh 1111111111. et
stud. Bernnrdi 111 1111611111. 1111117118. -11111 Α1111.11Μ1ι·11.,111111111.011111. V. 1.,
Ν11111.Η11ο11.,1)11111. Mngg. — insen-ipit. inntin. 811111. 111· 011111. 1111111818. 11. vnit. -
1. (tine 6111111 11111. 61111111111111 11111111 1111 28. 111111 111 1111 6111111
1111111111661111111111111111. 1111111111 11111 1111 18. &nni 1111111111.

. Β. 6116111111111111111.

1. 61111111 1111111 111 1111 111111111111 6111111111111 11111111. 6111111
11111111111116111111111111. . ‘

b. 1111111111 111111 11111 11181111111111 111 6111111111 111111111111111
111111, 11111111 1111111111111 1111 1111111111 1111111111 61111111 nate. 11111.-
1816. 6 11. - 1111111111 &nit 111 11. conscience 111111) 1111. 111. 6111.-
61111. 311111111111111 1111111111111161111. - 6116111111161111111111111111.
- 1111111’1611111111 §tinniant - 611 1111111111 61111111111111 1111111 1 11.

 

