. 21. 8111111 2111111. -

*9- ἢ

13. 1111 &aliu 111 1111111111.
14. 1111 11111111. .

'Qm.·

1111 1111111111.

1. 111181111111111111111111. ’ ’

· 2. 11111111112111111 111 1811111111.
3. 31111111) balina '

4. 811111 91191111.

5. (11116111111111111 zen.

6. 9111 61111111ῷ1111111111111.

7. (1111118111 1116111111. '

8. august &emere 11181111111111111.

9. (1111311119 111 9111111111.
19. 91111111 1911111111.

11. 11111111 6111111111 111 6111111111.
12. (1111 9111111111.

1111111111111111 ’

111111·

15. ῧ111111111111.

16. 1111111 111111111111111111.
17. 9111 9111111111. -

18. ,wlhelm 111111 111 91111111,
,19. 3111 8111111111 &anatum ·
29. * 21111111 1811111 «assummum.

22. 8111 81111111.
23. * 6111111111 111 Sum.
24. moriz 1111111191111111. ι

25. 1111111111111 31111111.
26. 8111111111.

27. * 91111111 11111111 1111111.

28. 61111111, 11111111 11161111111111. ,

29. (1111111111.

11111111.
‚ . 91113111111111. Ι ·
1. ῧΐΐο 811111.
’ 2. 8111111111 11111111.
3; &tie 81111.
4. 1111111111 11111 1119111131191.

5. 8111111111 111 &alm
6. 11111 &eia

7. 81111111 81111 1111 111 111111 1111111.

· 8. * 6111 9111111111611111111.
9. (1111 11111. . ·

19. 1111111 911111 111 211111.
11. 2111111111 21111111.

12. 1111111111) 61111111. '

1381111111 611111).

14. *9111 11111111 61111111.
15.- 1111111111 1111111.

16. &art (1111111111. ,

17. 111111111131111.

18. 6111 11111111..

19. 1111119111111 8111111111.

29. * (111111 1. nereca 11111111111111111.

. 3111111 1111111111.
21. (1111111111. ’
22. 311111 2111.

23. 1111111111 11111.
24. 1111111111 311111.

· ’ 25. 81111111 wolteri

26. 1111119 vulin.

27. 1111111111 111 9111111111.
28. 1111111 1811111111. ·,

29. 1111111111.

39. 2111111111 1111111111.

11111111 11111 11111111. ·
32. 1111191111. -

Ι , 33. 8111111) 1111.
· 34. 8112111111111111 81111111.

36. 81111111) 8111111111.
36. 1111111111 91111111.

· ’ 37. 1111111 3111.

38. 81111111 91111 111 611111. 1

, ’ 11111111.

61111111111111.
1. 1111111111 1111111111.
2. 6111 1111111.
3. gria. 111111 111 91111111.

· 413111 ῧ1111111181111111>1111 ·
· ., · ν ⁴ 1111111111611111111119111111.

6. &amm 1111111111.

7. *1611111111 181111 111 1111111111.
8. 1111111111. Α

9. 91118111111111.

 

